0 0.09296875 0.53671875 0.1859375 0.2453125
0 0.85859375 0.57734375 0.2046875 0.1640625
0 0.7203125 0.25 0.203125 0.246875
0 0.784375 0.4359375 0.2890625 0.2609375
0 0.76171875 0.05859375 0.0890625 0.103125
0 0.69375 0.03203125 0.0875 0.0640625
0 0.878125 0.14765625 0.08125 0.1328125
0 0.946875 0.19296875 0.08125 0.1171875
0 0.7078125 0.0515625 0.13125 0.103125
0 0.83828125 0.10234375 0.071875 0.115625
0 0.9015625 0.29453125 0.1859375 0.3171875
0 0.46015625 0.7515625 0.3171875 0.184375
0 0.90546875 0.86328125 0.1890625 0.2734375