0 0.15390625 0.75546875 0.14375 0.090625
0 0.18046875 0.66640625 0.1265625 0.084375
0 0.22421875 0.5890625 0.13125 0.1125
0 0.534375 0.6703125 0.090625 0.103125
0 0.51875 0.575 0.121875 0.10625
0 0.4953125 0.47734375 0.125 0.10625
0 0.475 0.42265625 0.1375 0.0265625
0 0.26171875 0.503125 0.13125 0.121875
0 0.30703125 0.44375 0.1296875 0.06875
0 0.7140625 0.75546875 0.1703125 0.1328125
0 0.82890625 0.6609375 0.215625 0.1765625
0 0.94609375 0.60859375 0.1078125 0.1703125
0 0.834375 0.8203125 0.33125 0.359375