0 0.553125 0.29375 0.2125 0.5125
0 0.35234375 0.4546875 0.6140625 0.190625
0 0.77734375 0.240625 0.2359375 0.48125
0 0.48046875 0.73046875 0.3578125 0.3453125
0 0.32421875 0.7359375 0.5171875 0.371875
0 0.740625 0.81328125 0.1625 0.2796875
0 0.7828125 0.9328125 0.246875 0.134375
0 0.77109375 0.6328125 0.1015625 0.1125
0 0.709375 0.5921875 0.1 0.084375
0 0.8765625 0.7359375 0.096875 0.140625
0 0.93984375 0.78984375 0.09375 0.125
0 0.7265625 0.6140625 0.134375 0.128125
0 0.8421875 0.68515625 0.084375 0.1234375
0 0.88203125 0.8578125 0.2234375 0.284375