0 0.38203125 0.5578125 0.1828125 0.2609375
0 0.1078125 0.5828125 0.1765625 0.1203125
0 0.86328125 0.6203125 0.1078125 0.23125
0 0.565625 0.6484375 0.1328125 0.2640625
0 0.7625 0.64921875 0.125 0.2296875
0 0.67421875 0.67421875 0.1171875 0.21875
0 0.04765625 0.73671875 0.09375 0.3359375
0 0.34921875 0.74140625 0.1265625 0.2875
0 0.48515625 0.74375 0.140625 0.2671875
0 0.1421875 0.765625 0.1140625 0.275
0 0.25546875 0.7890625 0.15 0.290625
0 0.56171875 0.2828125 0.0984375 0.1640625
0 0.22265625 0.31640625 0.1828125 0.203125
0 0.36328125 0.3203125 0.153125 0.2921875
0 0.48046875 0.32578125 0.1171875 0.2125
0 0.6765625 0.328125 0.1046875 0.109375
0 0.6015625 0.45078125 0.159375 0.15625
0 0.11640625 0.45234375 0.13125 0.146875
0 0.7515625 0.4765625 0.153125 0.196875
0 0.2171875 0.5265625 0.1734375 0.2390625